INDEX FONTIVM 325

Thesm. (111) 401 (404) 001 (510) 111 (500) 1111

(111)(1. 155 (010) 541 (1011) ρ. 15 (1015) 111
(1010) 110 (1011) 110 (1000111 (1004) 111
(1040) 111 (1050) 110 (1000) (115 (1005) 114
(1010) 115 (1011) 115 (1010) 110 (1105) 114

vesp. (111) 000 (0100011100 (030) 001 (151) 310
(100) 400 (1014) 510 (1411)(1105

schol. 1110101.
1. 1110011. (1101111111 Paris. 101. 1
111.1111011.01.111. (101. 3911) 70 (4011) 118 (7411) 69
9111. 11100111. (5, 9) 490
111101. 011. Paris. 1. 1539 (101. 991139) 131 (4311 97) 400
(531110) 700 (61149) 519 (6111 99) 519
(7711 19) 569
6010161011. 1101. ed. Klotz. (p. 98) p. 69 (105 sq.) (1. 901
801101. 001110οῐ11. 011. Turio. (p. 941 93) 809
811101. Dionys. Thr. 1110011. 1101111.
Schol. Eurip. 0111111111.
1100. (8) 669, 3 (988) 391 (838) 373
Hipp. (58) (1. 10 (1. 49 (199) 639
Med. (85) 460 (167) (1.1 (693) 604 605
01001. (73) 43011 (335) 13411 (537) 799 (879) 307
(895) 1001 (981) 596 (1197) 660 (1389) 781,11
¹ Phoen. (6)816 (61) 545 (159)453 (395)401 (1031)178
(1130) 159 (1159) 943 (1408) 496
111100. (419) (1. 63
’110 (698) 1009

601101. 00111101.1111.011. Breyssig. ((1.73, 6) 917 (79,3) 499
(141, 6) 499
801101. 6103. 001.

11111101. Gr. vol. 7 ((1. 1391) 671 (1.17601(
111 Welck. Tragod. ((1.777) (1. 17601(

601101. 11011103.
11111101. Gr. 1017 ((1. 765) 459 1004 (853) 999 (1079) 637
11711101. 111111. ((1. 901) 637

801101. Hesiod. Theog. (138) 890
901101. Hippocr. in 01101111. 11011000 et extr. 1 (p. 917) 751

 

