322 1111111111114

1111. (p. 5338) 571
Sympos. (p. 1774) 488 (1968) 666

Plautus 111111. (1, 1, 4) p. 20

Plinius Epist. (4, 27, 6) 809

Plotinus ed. Kirchhoff. 111. 1 ((1. 5) 490

Plutarchus 1111. (p. 104) 656 (118) 342 (198) (181 p.111
(119) 151 1114 (111) 915 (111)194,1 (111) 1145
(248) 984 (256) 21 (284)(1. 113 (336) 19 (338) 838
(141) 111 (141) 1ο (111) 951151 (1114511114
(4111111 (411) 115 (111) 114411 (111) 154
(714)“668 (718) 1071 (854)953 (888)1071 (904)455
(938) 754 (966) 598 (988) 27 (1028) 954 (1028) 955
(1038) 662 (1044) 424 (1048) 419 (1064) 336
(1111) 911 (1111) 454 (1111) 411 (1111) 151
(1111) 111 (1111) 111 151 1911 (1111) 151, 1
(1204) 957 (1266) 887 (1328) 958 (2858) 23 (3108)
(188 (3124) (1.140 (3378) 364 (3698) 21 (379 8) 959
(3840) 960 (3906) 962 (3994) 963 (4058) 401
(4151) 111 (4111) 111 (4111) 115 911 (4111) 911
(4426) 890 (4464) 837 838 (4478) 849 (4644) 964
(4111) 119 (4111) 111 (4141) 11 (4151) 111
(4111) 915 (4111) 1111 (4111) 511 (4911) 119
(4984) 772 (5026) 891 (5066) 417 (5074) 1031
(5078) 415 (5144) 183 (5206) 383 (5214) 788
(5266) 966 (5298) 311 (5328) 967 (5334) 598
(5398) 968 (5446) 785787 (5494) 969 (5498) 369
(5564), 403 (5568) 970 (5628) 970 (5818) 284
(1111) 115 (1111) 111 (1141)111 (1141) 911
(1111) 411 (1111) 111 (1111111 (1151) 451
(6226) 666 (6308) 183 (6308) 131 (6440) 979
(6614) 488 (6618) 754 (6656) 783 (6666) 972
(6678) 899 (6994) 973 (71311) 974 (7478) 975
(7508) p. 235 (7558) 976 (7566) 483 484 (7568) 890
(7574) 324 (76011)324 (7628) 666 (76310598
(7678) 1069 (7704) 890 (7788) 431 (7798) 786
(1111) 915 (1111) 11 (11111111 (1911) 119
(8024) 442 977 (8038) 284 (8078) 311 (8118) 964
(8128) 978 (8378) 230 816 (9088) 836 (9198) 935

 

