INDEX FONTIVM

’ᾳ-

Aehilles 7οῑ. lseg. in Phaen. ed. Petev. Vrenel. (p. 122 E) 853
(1391)854 (140 c) 303 (103) 303

Aelianus N. A. (3,17) 407 (3, 47) p. 03 (4, 04) 011
(01) 0170 (034) 313 (013))134 (7, 33) 740 331
(7,47) 619 (8, 1) 887 (9, 1) 912 (12, 7) 544
ί 7.)Η. (2, 8) p.10 (2, 21) p. 235 (12, 15) 856

Aeschines e. Timareh. (S 128) 857 (151) 671 (152 153) 809

Alcinous lseg. Plet. dogm. (e. 24) 838

Alciphr. (1, 19, 1) 878

Alexander in Rhet. Gr. 7018 (ρ. 440 sq.) 858

Alexis Com. 3 (ρ. 410) 701 (521) 322

41111101ιί03 de 4111110001). 01170101. (p. 25) 128 (34) 630
(30) 100 (110) 710 (137) 100

Anaxandrides Com. 3 (p. 200) 912

4110040ῑο Baehmanni 101. 1 (p. 191, 29) 365 (251, 23) 998
(3371010οο (411, 7) 470 (41014) 1091

410040711011011 (00110470 (1011) 001 (40, 30) 703

(85, 11) 695 (87, 29) 844 (93, 26) 768 (94, 1) 661

(95,23) 616 (10525) 42 (106,27) 618 (107, 19) 694

(10110770 (100,17)117 (1101) 133 (3301011οο

(339,6) 136 (339,10) 1095 (34025) 859 (343 sq.) 860

(346, 19) 861 (349, 3) 923 (359, 22) 799 (362, 8) 862

(362,10) 863 (363, 3) 1080 (368, 31) 476 (369,18)

004000 (37013) 1107 (303, esee (333, 3) 1100

(414,15) 1082 (44032) 842 (444,32)767 (514-,9)469

(51411) 270 (786,12) 592 (1163) 521 (1185) 428

Ὶ

 

