murex rourrviu 323

(9340) 997 (9590) 27 (9657) 979 (99811) 457
(99911) 1007 (10287) 980 (104011) 981 (104311) 884
(10443) 884 (10441) 884 (10470) 973 (10497) 256
294,7 (10691) 287,8 (10900) 961 (10947) 23
(10970) 470 (111011) 1071 (112811) 897
vol. 511 Wytteuh. (p. 1194) 289 (1196) 220
V. Alex. (1. 53) 897 Aulon. (c. 36) 402 Cimon.

(1.4) 476 1111111111. 11 Aulon. comp. (1. 2) 982 111).
(1.17) 983 Lysandri (o. 20) 709 Marcelli (1. 21) 476
Niciae (1. 9) 370 Pelopidae 11 llarc. comp. (1. 3) 984
Pomp. (c. 73) 953 Solon. (1. 22) 985 Thes. (c. 15) 383 384

Pollux Ouom. (2,14) 902987 (2, 51) 1081 (2, 88) 833
(3, 5) 988 (3,51) 394 (3,58) 6691088 (4,111) [178
(1117) p. 188 (4128) p. 69 (47141) 492 (7,31) 989
(7,44) 1112 (7,109) 990 (7, 178) 425 (9,27) 730
(9, 50) 445 (9, 75) 676 (9,161) 1084 (10, 27) 991
(10, 35) 677 (10,108) 375 (10, 111) 285 (10,117)91
(10, 145) 374 590 (10, 178) 286

Polyaenus l prohocm. (s 11) p. 154

Polybius (1, 35) 220 (5, 106) 986 (12, 26) 462

Porphyrius
do abst. (3, 25) 992 (4, 19) 475
introi. 11111111101113. (p. lb 34) 15, 2

Posidippus Com. 4 (p. 519) 939

Priscianus lust. (11711,110) 993 (Χ711, 198) 993 (117111,
166) 994 (117111, 194) 994 (117111, 211) 84

Probus in Vergil. ed. H. 11111. (p. 7, 21) p. 40 (11, 8) 935
(11, 25) 451 (21, 6) 226

Procopius Gaz.
in Guiaci Epist. Graec (p. 444) 452
111111161111. auct. vol. 4 (p. 267) 894

Proculus iu Plal. cratyl. ed. Boiss. (p. 43) 521

Proverbiorum append. in Paroemiogr. vol. 1 ed. Gotting.
(3, 69) 995 (3, 97) 369

Proverbiorum coll. 1111111111 1111. de 1111. Gr. 1711111111-
graphus

Psellus ed. lloiss. (p. 168) 722

Pseudo-Callisti. cd. Mueller. (1, 25) 717

21·

 

