INDEX FONTIVM 319

Lnr÷g2igns de sublim. (1.15,4) 779 929 (39, 2) 666 (40,4)

Lucianns ed. Reitz.
voi. 1 (p. 153) 326 (456) 138 930 (573) 931932

(712) 897 (768) 401
vel. 2 (11.2) 112561. 11.132,1 (572) 694 (643) 933 934
(689) 483 935 (725) 326

161. 3 (p. 226) 816 (436) 519 (597) 935

Lueretius (2, 99111111.) 836

116113166116611. (S 98) p. 87 sq. (100) 362

116116636111. (p. 55, 6) 1014 (55, 7) 685 (55, 18) 424
(94,1)685 (94, 10) 936 (96, 19) 230 (217, 22) 624

Macarius (4, 69) 401 (6, 83) 1101 (7, 78) 722

uaeramus sn. (1,17,1ο) 181, 11 (1, 11, se) 631
(1,18,4)752 (1,18,6)480 (1,23,8)938 (5,18,12)753
(5,18,171820) 534 (5, 21, 13) 135 (7,2,9) 131
7, 15, 23) 973

Manuel Palaeol. Praee. ad fil. (c. 55) 872 (72) 809

Marcus Antoninus (7, 38) 289 (7, 40) 757 (7, 41) 207
(7,42)910 (7, 50) 836 (10,21) 890 (1 1, 6) 207 289757
1116 1007

1111111111)0161111.Α1οορ.161. 2 (p. 2340) 124

Maximus Geni. ed. 0611111661. vol. 2 (p. 625) 1027

Maximus Pianudes in Hermog. 111161. Gr. voi. 5 (p. 441) 477
(536) 637 (572) 809

Maximus Tyr. ed. Reislr. VM ((1126) p. 188 XXI (p. 409) 897

Menander Com. 4 (p. 72) 1007 (90) 1007 (132) 1013
(146) 709 (195)872 (249) 435 (288) 963

Menander libet. Gr. vol. 9 (p. 282) 452

Menandri monost. (28) 298, 1 (46 47) 1029 (89) 195
(101) 293,2 (117) 839,2 (125) 207,9 (129) 801,3
(149) 366,1 (159) 887 (169) 6223 (176) 238
(210) 1050 (222) 967 (250) 1014,1 (316) 1056
(332) 897 (338)719 (363) 547,1 (419) 872 (421) 364,21
(434) 1007 (462) 601, 9 (480) 99 (497) 1006
(499) 1015 (539) 195 (556)533,1 (558)465 (614) 1043
(668)195 (671)401 (687)261(697)662,1 (709)600,4

 

