mmzx fon-nvn 327

ampliatus
1.. Ariston. ἰη-μ. (τοι. 73 b) 1006
4 in Epintet ed. Sohweigh. (p 523] 956
flocum 11111.eccl.(3‚16)1013 (3, 2³) 96³
Smioeme: Com. Astu. ⁵92) 1029
Stephanus Byx. v. Αἰθίοψ 280 351 liutem( 13 ’Ἀ ργος 831
Βοιωτία 486 En ρονηη 382 Ξάνθυς 1087 Σελήνης 352
Τάρταρος 361 Τευθρανια 472 ’Τρία 180
810113θί Ee!-
1(2, 2 ῃ26) 335 (2, 17μ ,36) 1014 (2, ¹⁹1² 88) 401
(3 3 μ. 104) 550 (3,14 p 1019508 (3,15μ 110)
¹ 832 (3, 2111 .114) 969 (3,235.118)15οΡ,(3 25
ξ, ,1113) 224 (3, 33 1> 122) 223 (3, 35 p. 124) 266
(3, 33 p. 126) 346 (3,40 p.12‹÷)1o:w (s, 47
,1130) 257 (4, 21: p. 154) 301 (4,6 (2153) 473
(5,2 p. 166) 151 (5, 10 (1.170) 623 (6,12 p.198)
ι 1003 (7,εμ.216)332 (6,19 ,1232) 509 (320
ρ, 232) 33 (ε, 25 p. 234) 444 (9,1 mes) 890
(9, 2 p. 270) 551 671 (9, 4 (1372) 342 (25, ³
11 (1‚2p13.⁵‡)⁰·)70⁷s⁷‘{s‚5 p. 170) 887 (7,2 (1336) 603 (7,4
Frsszezssffissffsszssffl(2321ssss fflffiss‘ss?
(1,8)219 (2,15)3ο5 (2,17)636 (310925 (3,12)193

’φοῖᾶ

(3110364 (3,20)635 (³, 22) 607 (3,27)201 (4,2)1018
(4,9)420 (4,10) 735 (4,11)32 (4,19)1019 (4,30) 031
(4,31) 1020 (mn) 43 (5, 2) 951 (5, 4) 2ο (5, 6) 838
(5,7)684 (5,16)449 (5,17)123 (5, 18)(156 (5,21)342
(5,ε2) 19 (6, 22) 200 (7, 1) 304 (7, 2) ιι (7, 5) 247
) (7, 6) 331 (7,3) 849 (7,1ο) 556 (s, 1) 290 (e, 3) 523
(3, 7) 826 (ε, 12) ss (5,13)241 (3, 5) 421 (28) 7
(3, 13) 533 (3, 15) 1021 (10, 7) 429 (10, 17) 293
10,1ε)327 (10, 23)423 (1026) 753 (12, 1) 1022
12, umas (13, 1) 1023 (13, 7) 413 (13, 3) 737
(13,10)⁷06 (13, 1³)3ss (13, 15 1024 (14, 3) 364
(16, 4) 133 (16,5)411 (16,5 3³0 (1⁷‚7)364
(18, 20) 267 (13, 40655 (2ο,7) 31 (20,11) 253
(2ο,12) 231 760 (2ο,17)736 (2ο,25)260 (wamma

