)

326 1119911 99911111

891191. Hom.
11. (Β, 353) 583 (Β,372) 220 (Δ, 249) 435 (Δ,319) 62711
(z, 999) 1999 (1, 449) (1994 (1, 499) p. 991
(Ι, 535) 520 (Κ, 56) 640 (Λ, 774) 179 (Ξ, 200)
935 (Ξ, 235) 126 (Ω,12) 114 (Ω, 486) 170
od. (9, 215) 1004 (6, 387) 1004 (κ, 6) (1.3
891191.1991111.911.199911111. (p. 117) 401 (242) 934
891191.0111199.191.3 (ρ. 684) 114
891191. 911193.11911.11111. (9. 3) 1114
891191Ρί96.
19111111. (4, 39) 402 (4, 104) 1005
Nem. (1, 13) 1006 ’(4, 32) 71 (6, 7) 1007 (10,12) 541
Pyth. (2, 54) 262 (2, 173) 607 (3, 66) 415 (3, 177) 177
(4, 71) 1008

8911912111. ed. ’111119 (p. 904122) 617 750 (9119 40) 183

(91191) 199 (919941) 999 (9199919191 (9999199419
(9911919191 (99999199 (9999 1)(9. 199 (999999919
80111ο(’(ῗ(611)’991 (99911999 (1991) p. 199
Ant. (191( 991 (1999) 999
Qmwm
Phil. (1) 199
219911. (172) 1010
891191. 7119991. (2, 10) (1113 (2, 166) 114 (5, 61) 722
89661139611111111. 1. 11119911. 01119. 011911. 1913
891191. 11913. Aen. (12, 468) 9140
&imum Claud. (9.4) 452
Epist. (115) 326
1191. 91919. (4, 9, 19) 939
Servius in Verg. Aen. (7, 337) 1011

Sextus Empir. 9111191111. (p. 175,1) 639 (175,17) 452
(999, 19( 1919 (99199) 199 (919, 11( 999 (919, 19919
(660, 25) 734 (660, 27) 20 (661, 1) 884 (661, 25) 832
(663, 8) 220 (663, 20) 20 (663, 23) 326 (665, 23) 832
(671, 22) 683 (751,21) 836 (754, 3) 184 (755, 15) 187

 

