332 170771 70771711

Theodorus Hyrtacenus Epist. (46) 722 (61) 722 (81) 928

’1177010700 Μο10017. (0. 16 sq.) 722 (184) 872 (195) 872
(343) 872 (558) 429
7000110700770117. 10 Notices et extr. 7111, 2 (0. 143) 933
700010300000 arithm. 011. Ast. (p. 7) 938
Theophanes cont. (4, 44) 15, 2
Theophilus ad 1110. 1100. (04) 1007 (2, 8) 007 401 1071
(2, 37) 305 1075 1076 1077
Theophrastus metaphys. (p. 316) 21
7000000100100810100.11101. (7, 17) 230
Theopompus Com. 2 (0. 806) 886
, ’1150710010111700 Gr. vol. 8 (p. 576) 1340 (577) 230
Tzetzes
Chil. (1, 518) 373 (8, 459) p. 66 (11, 555) p. 98
Epist. (p. 38) 326
11700. 11. (0. 41, 18) 488 (44,14) 591 (53, 2) 935
(53, 6) 1007 (68, 4) 935
10 171070011770100. (post Lex. 71011. 0. 245) p. 185
000. (007) p. 100
1100. (142) 0159 (1225)816 818 (1320) 765
71111001. pp. (135) 170
1010000117. (175) 1078 (178) 1078 (384) 591
801701. 01101111. v. 400011. 07010. 01100. 701. 3
Schol. 10 Hermog. v. 1100011. (17010. 0700. 701. 4
70107100 110 rebus Alexandri Μ. (3, 3) 220
Varro de L. L. (7, 82) 65 1079
Vita Aesopi ed. Westerm. (p. 21, 5) 1045 (46, 5) 1029
71ῑο 110710. 011. Westerm. (p. 134, 21) p. 55 (135, 30) p. 162
(135, 33) p. 159 0175 (136, 73) 501 (137,89) 0113
vita Homeri v. Plut. Mor. 701. 5
Vita lsocr. 1077000701. Βιογρ. (0. 258, 48) 230816
Vitae 11 orat. v. Plut. Mor. p. 837
Vitruvius (7111070013 1) 836 (111, 1, 13) 776
11000017. Mem. (4, 2, 33) 0154
zenobius (2, 85) 880 (5, 72) 642 (5, 93) 435
2000700 Lex. 7117711000 1082 διαψαίρουσα 919 ἤπειρος 998
1101711779 -

 

