314 11101111 10511111

Dicaearchus (10311115 Graec. (22) 14

Didymus 15 11111011 1101011903 de litt. Gr. (p. 402) 476

010 chrysost. (4, 71) p. 55 (15, 9) 179 (23, 2) 452
(37, 46) 657 (52, 6 7 8 11-14) p. 216 sq. (52, 12)
785786 (59, 1- -11)p. 217 sqq 11. 785 787 788
(64, 6) 157 (64, 9) 913 (73, 10) 184188

0101101113 Siculus (1, 7) 488 (1, 38) 230 (12,14) 809
(20, 41) 914 0107111. (p 20) 915 (135) 326

Diogenes Laertius (1, 56) 284 (2, 10) 777 (2, 44) 591
(3, 63) 476 (4, 26) 302 (4, 29) 126 133 (4, 35) 966
(6, 87) p.188 (6,104)220 (7, 60) 836 (9, 55) pm
9, 73 639

Diogenes Epist. (5 in 1101100301 extr. X, 2 p. 241) 698

0103055553 (8, 16) 722 (8, 46) 7 22

0105051355311511. 151310051031, Gotting. vol. 2 (3, 59) 642

Diomedes ed. 11. Keil. (p. 488, 20) p. 55 (490, 20) p. 66

Dionysius Hal. ed. 1131311.
de comp. verb. (0.4) 916 (25) 231 (26) 697
111131. (8,10) p. 130 11. 488489 (9, 11) p. 3 p. 129

11. 488 489

Diphilus 0051. 4 (p. 402) 907 (411) 187

0010111101 15 1111111105. 111101. 01. 1012 (p. 288) 809 (291) 478

011100 de metris (p. 82, 3) 824

81133 Cretensis 15 Greg. Nez. (p. 2911) 1071

855153 15 1111110011 1133. Lat. (p. 23)114 (41)897 (48) 935

Epictetus 8501111. (0. 52) 956 (11. 82) 220 (11. 121) 131

81551531111001115101. (p. 158) 128

813(103)11. 0511131. (013) 917 (14)817 (15))1. 25 (inpie

81011355361033. Hippeer. 51111015. (ρ.20,14)751 (39,1)475
(46,5) 517 (61,14) 450 (62,12) 438 (62, 13) 648 85211
(65, 9) 812 (84, 4) 204 (119, 14) 88 (125,9)563 .
(126, 14) 372 (190, 7) 544

8111150103. Gud. (p. 163, 28) 15, 2 (183, 27) 1083
(230,30)869 (23057) 181 (247,6)998 (305,28)62711
(345, 47) 918 (481, 32) 716 (568, 42) 179

81150103. 11. (p. 1, 38) 752 (81, 35) 156 (92, 24) 182

 

