111111 10111111 - 311

1111, (64) 763 (72) 569 (93) 89 (100) )43 491 (105) 146
(282) 786 (311) 43491 (465) 386 (470) 387
(536) 90 (840) 878 (849)ρ.,122ρ 124 (1043)
p. 113p. 176 (1080161 (1082)639 (1182) 157
(1187) 158 (1206) 229 (1211) 752 (1217) 662
(1225) 816 (1238) 520 (1244) 484 (1305) 769
(1316) )527 (1320) 765 (1322) 756 (1328) 755
(1338) 741 (1356) 474 (1391) 170 (1400) 880
(1402) 535 (1427) )879 (1446) 586 (1451) 586
(1475) 19 (1478) 639

7111111. (21) 325 (120) 371 (177) 28 (272) 491
(404) 667 (413) 801,3 (519) 712 (547) (1130
(770) (1155 (778) ρ.155 (848) p. 155 (1015) 117
(1018) 118 (1022) 120 (1029) 122 (1047) 122
(1058) 125 (1060) p. 25 (1065) 114 (1070) 115
(1098) 123 (1101) 125 (1105) 124 (1107) 129
(1110) 125 (1122) 881 (1128) 144

vesp( (111) 668 (312) 389 (757) 310 (763) 468
(1074) 666 (1413))1. 105

Fragm 051112 (ρ. 987) 462 (1083) 182 (1180) 804

Aristoteles ed. Bekker.

Probl. (p. 8961 24) 887

8111. Nicom. (p. 11101 28) 70 (11111 11) p. 118
(1129628) 490 (1136113) 69 (114213) 785
(1152123) 912 (11556 3) 890

311111, (1112081116) 890 (12096 36) 298 (1210114)890

8111. Eud. (p. 1235116) 890 (1238134) 298 (12396
22) 298 (1244111) 882

Polit. (p. 12771 19) 16 (1310132) 883 (13281 15) 965

111111. (p. 137054) 131 (13711) 31) 183 (13941) 2) 662
(13971 17) 400 (1405129) 700 (1403610) 519
(1417115) 562

1111.111111.(ρ.1431112194

Poet. ((1.145415) 457 (14541 31) 488 (14581123) 790

11111111611164111.)7,11,6 6) 963 ⁴
Artemidorus (4, 59) 688

 

