324 445544 mmm

Rhimhon v. Cic. Epist. ad Αιῑ. 1, 20, 3
Schol. Aeschyl.
Eum. (276) 996
Sept. (269) 1085 (775) 157
Suppl. (317) 873
Schol. Aphthon. 15111451. Gr. vol. 2 (p. 592 593) 872
Schol. Apoll. Rhod. (1, 1280) 997 (2, 382) 835 (3, 62) 428
(4, 71) 998 (4,143) 596
85551. Ara& (172) 359 780
8555115000 ed. nind. (p. 376) 711 (398) 488 (402) 875
(403) 963 (671 sq.) p. 174 (728 sq.) p. 169 sq.
Schol. Aristoph.
155. (8) 718 (119) 8524 (418) p. l49sq. (424) p. 220
(426) p. 69 (433) p. 103 (445) 699 (445) 102
(454) 714 (472) 572 (497) 701 (540) 707 (543) 710
(555) 711 (577) 713
Av. (179) 597 (348) 121 p. 25 (494)2 (842) 592
(1242) p. 126 sq.
Eq. (214) 847 (756) 999 (809) 723 (1181) 470
(1240) 705 (1249) 312 (1302) 67
Lys. (706) 704 (713) 876 (963) 116 (1125) 487
Νυ5.(3(0)104)0 (138) 877 (604) 752 (891) 721 (919)
p. 188 (1154) 6255 (1371) p. 3
Pac. (76) 308 (97) 353 (114) 17 (119) 18 (125) 665
(136) p. 69 (140) p. 177 (147) p. 69 (154) 309
(528) 7275 (699) 401 (722) 314
Plut. (521) 426 (601) 723 (907) 843
355. (53) p. 25 p.42 p. 201 (64) 763 (67)ρ. 15 (72) 569
(93) 89 (100) 43 491 (105) 145 (282) 786
(368) 640 (467) 386 (470) 387 (473) 388
475) 987 (536) 90 (840) 878 (849) p. 122 p. 124
1080) ρ. 62 (1082) 639 (1182) 157 (1206) 229
(1211) 752 (1213) 752 (1219) 662 (1225) 816
(1238)519520 (1244) 484 (1305)769 (1315)527
(1316) 527 (1320)756 765 (1328) 755 (1338)741
(1356) 474 (1386) 170 (1400) 880 (1402) 535
(1451) 586 (1475) 19 (1478) 639

 

